0.0
2.2950256124256163
2.268587102101544
2.2467888696925846
2.2221510762304773
2.1886079330143966
2.1543325608170876
2.112699105983644
2.058617136140508
2.0168228454477206
1.9545053506460714
1.9131945047791548
1.8470054705311933
1.776742165952217
1.7410038963077574
1.6710147979691272
1.6275825416009257
1.6211190174414416
1.544954617192426
1.483516848697437
1.4331974647645875
1.3981688876790324
1.3808227279993492
1.3104108743310914
1.32190184623707
1.2455795749904603
1.2142374161190874
1.176269292010097
1.1884021656954382
1.1296916478496837
1.117492212671933
