0.0
0.10728346456692914
0.19980314960629922
0.20374015748031496
0.23622047244094488
0.31299212598425197
0.3454724409448819
0.3395669291338583
0.390748031496063
0.3986220472440945
0.422244094488189
0.44291338582677164
0.4281496062992126
0.4645669291338583
0.4793307086614173
0.4950787401574803
0.5098425196850394
0.5
0.5265748031496063
0.5570866141732284
0.5767716535433071
0.5826771653543307
0.5866141732283464
0.5954724409448819
0.6013779527559056
0.6279527559055118
0.6496062992125984
0.6515748031496063
0.6358267716535433
0.6712598425196851
0.6771653543307087
